WS01: [1.759100, -0.666688, -1.447052]
START: [0.336649, -0.901854, 0.092231]
WS02: [2.613369, -1.242301, 0.089937]
PP01: [1.497386, 0.130289, -3.036381]
WS04: [1.378296, 0.788268, 1.642134]
WS03: [2.680261, 0.878783, -1.507983]
SH01: [2.376581, 1.445984, 0.122301]
SH02: [2.371537, 2.221917, 0.069208]
WS05: [1.367600, 2.263872, -1.491418]
WS06: [2.372301, 2.851525, 0.060810]
CB01: [2.852988, 3.721272, 1.621016]
CB02: [1.406059, 4.126330, -3.080262]
WP01: [2.613369, -1.242301, 0.089937]
WS07: [2.548006, -0.466844, 0.115374]                                                                                  
WS08: [1.764249, 3.209897, -3.098330] 
EXIT: [0.336649, -0.901854, 0.092231]
