NORTH: 0.132826
EAST: -1.458583
SOUTH: -3.034327
WEST: 1.684402
